binary,结点数,边数,T-Angr静态分析,T-CFG重建,T-孤立函数,T-分段,分段点数量,待分段函数数量,孤立函数名
dijkstra_small,144,187,0.52191281,0.02289248,0.05498099,2.313e-05,6,1,{'main'}
susan,900,1441,2.78356791,0.1264708,0.46730185,2.67e-05,4,1,{'main'}
bfspeed,200,293,1.90131021,0.03873324,0.67490244,4.148e-05,25,1,{'main'}
gsm_untoast,1840,2802,4.87994838,0.49887109,0.50093174,0.00051403,10,2,{'parse_argv0', 'main'}
dijkstra_large,144,187,0.50241685,0.02011609,0.46254992,2.503e-05,6,1,{'main'}
search_large,241,310,0.97270608,0.03924179,0.12879658,2.742e-05,8,1,{'main'}
basicmath_large,203,329,0.68085837,0.02783298,1.30714273,6.795e-05,57,1,{'main'}
basicmath_small,171,258,0.66448665,0.02722168,0.54760933,5.579e-05,36,1,{'main'}
sha,144,195,0.78482008,0.02216315,0.02361274,2.217e-05,3,1,{'main'}
gsm_toast,1840,2802,5.11360526,0.24740481,0.66204953,0.00049472,10,2,{'parse_argv0', 'main'}
bitcnts,191,238,0.93594599,0.02926278,0.01659489,1.836e-05,2,1,{'main'}
qsort_large,115,141,0.68089676,0.0145843,0.02776051,2.122e-05,4,1,{'main'}
crc,96,109,0.39650226,0.01292896,0.02031064,1.836e-05,4,1,{'main'}
qsort_small,107,120,0.41366482,0.0144031,0.02273321,1.979e-05,4,1,{'main'}
search_small,236,303,0.69179273,0.03357768,0.12207627,2.48e-05,8,1,{'main'}
insertsort,42,45,0.26830935,0.01023555,0.00664377,1.621e-05,3,1,{'main'}
edn,103,127,0.39462519,0.22204852,0.21268892,0.00109529,39,9,{'latsynth', 'fir_no_red_ld', 'vec_mpy1', 'fir', 'mac', 'main', 'jpegdct', 'codebook', 'iir1'}
lcdnum,62,82,0.48220134,0.00901103,0.01055527,1.979e-05,3,1,{'main'}
fac,45,51,0.26469374,0.00725746,0.00697994,1.669e-05,3,1,{'main'}
prime,65,79,0.3008821,0.01254082,0.02962589,0.00014997,7,2,{'swap', 'main'}
nsichneu,788,1414,1.67101359,0.28348494,0.16050887,2.265e-05,3,1,{'main'}
bs,45,50,0.2694912,0.00706363,0.01055932,0.00022149,5,2,{'main', 'binary_search'}
compress,128,179,0.40188837,0.01832128,0.05368423,0.00103736,15,3,{'initbuffer', 'compress', 'main'}
adpcm,189,285,0.51047063,0.02847695,0.13297319,0.00053549,17,2,{'main', 'reset'}
jfdctint,51,56,0.49015808,0.00796175,0.02185917,0.00031447,9,2,{'jpeg_fdct_islow', 'main'}
duff,47,53,0.90936255,0.00731635,0.01425362,0.00019741,6,2,{'initialize', 'main'}
fir,56,62,0.29543424,0.00878406,0.01689744,0.00026226,6,2,{'main', 'fir_filter_int'}
fft1,99,132,0.36512828,0.01470089,0.03035975,2.122e-05,5,1,{'main'}
minver,125,163,0.40332079,0.01871181,0.08730865,0.00056195,12,3,{'mmul', 'minver', 'main'}
ndes,128,177,0.59448481,0.01839995,0.0425458,0.0009141,13,2,{'des', 'main'}
ludcmp,92,112,0.35590196,0.01381898,0.03418827,0.00092053,7,2,{'ludcmp', 'main'}
ns,53,60,0.27953982,0.00845313,0.00861382,0.00061321,5,2,{'foo', 'main'}
matmult,62,75,0.30167723,0.00926638,0.02788353,0.00031495,9,3,{'InitSeed', 'Test', 'main'}
lms,98,134,0.36541533,0.01467967,0.04726481,2.575e-05,7,1,{'main'}
ud,81,96,0.34083486,0.01539111,0.21354961,0.00075436,12,2,{'ludcmp', 'main'}
qsort-exam,69,83,0.3237319,0.01053095,0.01622748,0.000633,5,2,{'sort', 'main'}
cover,254,449,1.06249166,0.02683663,0.19717669,0.00141907,12,4,{'swi10', 'swi120', 'swi50', 'main'}
qurt,66,87,0.3065064,0.0099709,0.02062345,2.003e-05,4,1,{'main'}
statemate,410,628,0.91982055,0.04568958,0.28998375,0.30702686,18,4,{'FH_DU', 'interface', 'main', 'init'}
fdct,49,53,0.30231977,0.00770545,0.01139188,0.00033832,7,2,{'fdct', 'main'}
crc,64,78,0.30761433,0.00995779,0.01113033,1.884e-05,3,1,{'main'}
bsort100,58,66,0.2910943,0.00919676,0.02599478,0.00064158,9,3,{'Initialize', 'BubbleSort', 'main'}
janne_complex,49,56,0.2768414,0.1898315,0.01174855,0.00025082,5,2,{'main', 'complex'}
cnt,61,72,0.2955575,0.00922155,0.03092742,0.00030088,8,3,{'InitSeed', 'Test', 'main'}
fibcall,42,46,0.26713562,0.0066328,0.00985694,0.00022411,5,2,{'fib', 'main'}
expint,60,70,0.29429603,0.00906801,0.00963974,0.00042653,4,2,{'expint', 'main'}
select,69,86,0.31395078,0.01072764,0.01670289,0.00076556,5,2,{'select', 'main'}
bzip2_base.amd64-m64-gcc42-nn,2676,4351,25.39991713,0.65671802,2.11426187,2.837e-05,8,1,{'main'}
calculix_base.amd64-m64-gcc42-nn,59039,113961,137.9985292,26.08718085,257.97868681,5.15e-05,30,1,{'main'}
libquantum_base.amd64-m64-gcc42-nn,1708,2975,3.55285883,0.25297236,0.32162023,2.646e-05,3,1,{'main'}
lbm_base.amd64-m64-gcc42-nn,339,490,1.0839746,0.04771018,0.1683979,2.599e-05,7,1,{'main'}
sphinx_livepretend_base.amd64-m64-gcc42-nn,8366,14801,19.7243247,7.26494408,1.63765931,2.909e-05,3,1,{'main'}
cactusBSSN_r_base.mytest-m64,182956,349000,2202.48962831,69.30381465,80.9657619,2.551e-05,4,1,{'main'}
fotonik3d_r_base.mytest-m64,9268,18290,24.04092002,1.52764511,2.94232392,2.289e-05,4,1,{'main'}
ls,6263,10382,40.64987445,0.83493352,1.10009789,2.074e-05,2,1,{'main'}
grep,9897,17597,113.71054268,1.29587603,18.89071584,3.505e-05,16,1,{'main'}
cat,1237,1997,18.56690454,0.17378759,0.11137486,1.884e-05,2,1,{'main'}
