prob,pWCET
0.1,0.0063310907
0.09637578663841088,0.0063420228
0.09288292250172499,0.0063529548
0.08951664721378301,0.0063638869
0.08627237292461451,0.0063748189
0.08314567805772063,0.006385751
0.08013230128396887,0.0063966831
0.07722813571388647,0.0064076151
0.07442922330043762,0.0064185472
0.07173174944465616,0.0064294792
0.06913203779678131,0.0064404113
0.06662654524581153,0.0064513434
0.06421185709064761,0.0064622754
0.06188468238624386,0.0064732075
0.05964184945842463,0.0064841396
0.05748030158125354,0.0064950716
0.05539709281106403,0.0065060037
0.05338938397147353,0.0065169357
0.0514544387839093,0.0065278678
0.04958962013837217,0.0065387999
0.047792386499356,0.0065497319
0.046060288442024026,0.006560664
0.04439096531392171,0.0065715961
0.042782142017676175,0.0065825281
0.041231625910297526,0.0065934602
0.03973730381485608,0.0066043922
0.03829713914046281,0.0066153243
0.03690916910662778,0.0066262564
0.03557150206821386,0.0066371884
0.03428231493733971,0.0066481205
0.03303985069871858,0.0066590525
0.03184241601504653,0.0066699846
0.030688378919176425,0.0066809167
0.029576166589932534,0.0066918487
0.028504263208534348,0.0067027808
0.027471207892708117,0.0067137129
0.02647559270567068,0.0067246449
0.02551606073727185,0.006735577
0.02459130425468045,0.006746509
0.02370006292009329,0.0067574411
0.022841122073038244,0.0067683732
0.022013311074930313,0.0067793052
0.021215501713624525,0.0067902373
0.020446606665791178,0.0068011693
0.019705578015018006,0.0068121014
0.018991405823619356,0.0068230335
0.01830311675620613,0.0068339655
0.01763977275314045,0.0068448976
0.01700046975206718,0.0068558297
0.016384336455779847,0.0068667617
0.01579053314474176,0.0068776938
0.01521825053264387,0.0068886258
0.014666708663439686,0.0068995579
0.014135155848353956,0.00691049
0.013622867641416469,0.006921422
0.013129145852124654,0.0069323541
0.01265331759388943,0.0069432861
0.012194734366967382,0.0069542182
0.011752771174629452,0.0069651503
0.011326825671361538,0.0069760823
0.010916317341936148,0.0069870144
0.010520686710236234,0.0069979465
0.010139394576752923,0.0070088785
0.009771921283717996,0.0070198106
0.009417766006869518,0.0070307426
0.009076446072885356,0.0070416747
0.008747496301554416,0.0070526068
0.008430468371788968,0.0070635388
0.008124930210614048,0.0070744709
0.007830465404301183,0.0070854029
0.007546672630843887,0.007096335
0.007273165113001461,0.0071072671
0.007009570091165625,0.0071181991
0.0067555283153316464,0.0071291312
0.006510693555481461,0.0071400633
0.006274732129711581,0.0071509953
0.006047322449462649,0.0071619274
0.005828154581230846,0.0071728594
0.00561692982416381,0.0071837915
0.005413360302965381,0.0071947236
0.005217168575554349,0.0072056556
0.00502808725494248,0.0072165877
0.004845858644816496,0.0072275198
0.004670234388327335,0.0072384518
0.004500975129608051,0.0072493839
0.004337850187558993,0.0072603159
0.004180637241455762,0.007271248
0.004029122027951352,0.0072821801
0.003883098049059609,0.0072931121
0.0037423662907219847,0.0073040442
0.0036067349515740317,0.0073149762
0.003476019181541981,0.0073259083
0.0033500408299131364,0.0073368404
0.003228628202536734,0.0073477724
0.003111615827824363,0.0073587045
0.002998844231231031,0.0073696366
0.0028901597179095116,0.0073805686
0.002785414163241769,0.0073915007
0.0026844648109619652,0.0074024327
0.002587174078595924,0.0074133648
0.0024934093699518806,0.0074242969
0.0024030428944069697,0.0074352289
0.0023159514927431546,0.007446161
0.0022320164692952345,0.007457093
0.0021511234301821672,0.0074680251
0.002073162127401231,0.0074789572
0.0019980263085725507,0.0074898892
0.0019256135721291987,0.0075008213
0.0018558252277555188,0.0075117534
0.0017885661618834618,0.0075226854
0.0017237447080636198,0.0075336175
0.001661272522034293,0.0075445495
0.0016010644613183177,0.0075554816
0.0015430384691835647,0.0075664137
0.0014871154628089537,0.0075773457
0.0014332192255035738,0.0075882778
0.0013812763028320095,0.0075992098
0.0013312159025043078,0.0076101419
0.0012829697978941476,0.007621074
0.001236472235053715,0.007632006
0.0011916598430985587,0.0076429381
0.001148471547840289,0.0076538702
0.001106848488549413,0.0076648022
0.0010667339377348581,0.0076757343
0.0010280732238308657,0.0076866663
0.0009908136566858677,0.0076975984
0.0009549044557518087,0.0077085305
0.0009202966808760419,0.0077194625
0.0008869431656014713,0.0077303946
0.0008547984528840414,0.0077413266
0.000823818733139961,0.0077522587
0.0007939617845382284,0.0077631908
0.0007651869154570826,0.0077741228
0.0007374549090259554,0.0077850549
0.0007107279696773419,0.007795987
0.0006849696716357446,0.007806919
0.000660144909273489,0.0078178511
0.0006362198492657489,0.0078287831
0.0006131618844795776,0.0078397152
0.0005909395895340971,0.0078506473
0.0005695226779712825,0.0078615793
0.0005488819609789677,0.0078725114
0.0005289893076098157,0.0078834434
0.0005098176064420429,0.0078943755
0.0004913407286296367,0.0079053076
0.0004735334922917121,0.0079162396
0.00045637162819247635,0.0079271717
0.00043983174666502284,0.0079381038
0.0004238913057338783,0.0079490358
0.00040852858039285657,0.0079599679
0.0003937226329963483,0.0079708999
0.0003794532847236942,0.007981832
0.0003657010880777493,0.0079927641
0.00035244730038015877,0.0080036961
0.000339673858227221,0.0080146282
0.00032736335287152475,0.0080255603
0.00031549900649580884,0.0080364923
0.0003040646493467069,0.0080474244
0.0002930446976972144,0.0080583564
0.0002824241326078436,0.0080692885
0.00027218847945751794,0.0080802206
0.0002623237882163124,0.0080911526
0.00025281661443315003,0.0081020847
0.00024365400091254662,0.0081130167
0.00023482346005542764,0.0081239488
0.00022631295683995297,0.0081348809
0.000218110892419152,0.0081458129
0.00021020608831301605,0.008156745
0.00020258777117350193,0.0081676771
0.0001952455581016863,0.0081786091
0.00018816944249705575,0.0081895412
0.00018134978041964972,0.0082004732
0.00017477727744646826,0.0082114053
0.00016844297600423168,0.0082223374
0.00016233824316122799,0.0082332694
0.00015645475886160974,0.0082442015
0.00015078450458610526,0.0082551335
0.0001453197524236897,0.0082660656
0.00014005305453932212,0.0082769977
0.00013497723302339433,0.0082879297
0.0001300853701090572,0.0082988618
0.00012537079874409208,0.0083097939
0.00012082709350447772,0.0083207259
0.00011644806183726867,0.008331658
0.00011222773562085082,0.00834259
0.00010816036303107105,0.0083535221
0.00010424040070215569,0.0083644542
0.00010046250617173413,0.0083753862
9.682153059967096e-05,0.0083863183
9.33125117507824e-05,0.0083972503
8.993066723187632e-05,0.0084081824
8.667138797389224e-05,0.0084191145
8.353023195026788e-05,0.0084300465
8.05029181229599e-05,0.0084409786
7.758532060787843e-05,0.0084519107
7.477346305177596e-05,0.0084628427
7.20635132129306e-05,0.0084737748
6.945177773823704e-05,0.0084847068
6.693469712958668e-05,0.0084956389
6.4508840892677e-05,0.008506571
6.217090286163834e-05,0.008517503
5.991769669310625e-05,0.0085284351
5.774615152359826e-05,0.0085393671
5.565330778427652e-05,0.0085502992
5.3636313167392456e-05,0.0085612313
5.169241873891604e-05,0.0085721633
4.981897519205165e-05,0.0085830954
4.801342923653455e-05,0.0085940275
4.6273320118786936e-05,0.0086049595
4.459627626819095e-05,0.0086158916
4.2980012064907984e-05,0.0086268236
4.142232472483898e-05,0.0086377557
3.9921091297480534e-05,0.0086486878
3.8474265772585056e-05,0.0086596198
3.707987629168172e-05,0.0086705519
3.5736022460657884e-05,0.008681484
3.4440872759738234e-05,0.008692416
3.31926620473319e-05,0.0087033481
3.1989689154345374e-05,0.0087142801
3.0830314565682836e-05,0.0087252122
2.9712958185773343e-05,0.0087361443
2.863609718508122e-05,0.0087470763
2.7598263924661804e-05,0.0087580084
2.659804395593764e-05,0.0087689404
2.563407409296515e-05,0.0087798725
2.4705040554568304e-05,0.0087908046
2.3809677173803582e-05,0.0088017366
2.294676367231941e-05,0.0088126687
2.2115123997254888e-05,0.0088236008
2.131362471841442e-05,0.0088345328
2.0541173483530644e-05,0.0088454649
1.9796717529513366e-05,0.0088563969
1.907924224765265e-05,0.008867329
1.8387769800823308e-05,0.0088782611
1.7721357790803585e-05,0.0088891931
1.7079097973894304e-05,0.0089001252
1.6460115023085496e-05,0.0089110572
1.5863565335085928e-05,0.0089219893
1.5288635880587294e-05,0.0089329214
1.4734543096198374e-05,0.0089438534
1.4200531816536817e-05,0.0089547855
1.3685874245025204e-05,0.0089657176
1.3189868961986692e-05,0.0089766496
1.2711839968690301e-05,0.0089875817
1.2251135766041203e-05,0.0089985137
1.1807128466661915e-05,0.0090094458
1.1379212939153163e-05,0.0090203779
1.0966805983368697e-05,0.0090313099
1.0569345535579895e-05,0.009042242
1.0186289902446885e-05,0.009053174
9.817117022752204e-06,0.0090641061
9.461323755890779e-06,0.0090750382
9.11842519614658e-06,0.0090859702
8.787954011821328e-06,0.0090969023
8.469459808314594e-06,0.0091078344
8.162508514287237e-06,0.0091187664
7.86668179007159e-06,0.0091296985
7.581576457522118e-06,0.0091406305
7.306803950529507e-06,0.0091515626
7.041989785449296e-06,0.0091624947
6.786773050723302e-06,0.0091734267
6.540805914998259e-06,0.0091843588
6.3037531530712815e-06,0.0091952908
6.0752916890160774e-06,0.0092062229
5.855110155867244e-06,0.009217155
5.642908471262543e-06,0.009228087
5.438397428464802e-06,0.0092390191
5.241298302206061e-06,0.0092499512
5.0513424688167665e-06,0.0092608832
4.868271040122284e-06,0.0092718153
4.691834510607799e-06,0.0092827473
4.521792417370702e-06,0.0092936794
4.35791301239703e-06,0.0093046115
4.199972946715306e-06,0.0093155435
4.047756965997322e-06,0.0093264756
3.901057617190993e-06,0.0093374076
3.7596749657854675e-06,0.0093483397
3.6234163233231498e-06,0.0093592718
3.492095984787271e-06,0.0093702038
3.365534975507094e-06,0.0093811359
3.2435608072358114e-06,0.009392068
3.1260072430687036e-06,0.009403
3.0127140708811705e-06,0.0094139321
2.90352688497782e-06,0.0094248641
2.7982968756551217e-06,0.0094357962
2.696880626390698e-06,0.0094467283
2.5991399183829385e-06,0.0094576603
2.5049415421745075e-06,0.0094685924
2.414157116103023e-06,0.0094795245
2.3266629113314625e-06,0.0094904565
2.2423396832198497e-06,0.0095013886
2.161072508808381e-06,0.0095123206
2.0827506301905185e-06,0.0095232527
2.0072673035625725e-06,0.0095341848
1.934519653744048e-06,0.0095451168
1.864408533970489e-06,0.0095560489
1.796838390767723e-06,0.0095669809
1.7317171337233565e-06,0.009577913
1.6689560099780266e-06,0.0095888451
1.6084694832653584e-06,0.0095997771
1.550175117335772e-06,0.0096107092
1.4939934636052594e-06,0.0096216413
1.4398479528760096e-06,0.0096325733
1.38766479098131e-06,0.0096435054
1.3373728582124976e-06,0.0096544374
1.288903612390894e-06,0.0096653695
1.2421909954526186e-06,0.0096763016
1.1971713434189682e-06,0.0096872336
1.153783299629662e-06,0.0096981657
1.1119677311207001e-06,0.0097090977
1.0716676480328645e-06,0.0097200298
1.0328281259410296e-06,0.0097309619
9.953962309984243e-07,0.0097418939
9.59320947793825e-07,0.009752826
9.24553109823358e-07,0.0097637581
8.910453324821523e-07,0.0097746901
8.587519484845179e-07,0.0097856222
8.276289456246352e-07,0.0097965542
7.976339067929281e-07,0.0098074863
7.687259521663735e-07,0.0098184184
7.408656834939568e-07,0.0098293504
7.140151304013403e-07,0.0098402825
6.88137698641567e-07,0.0098512145
6.631981202212676e-07,0.0098621466
6.391624053344005e-07,0.0098730787
6.159977960380169e-07,0.0098840107
5.936727216069126e-07,0.0098949428
5.721567555063252e-07,0.0099058749
5.514205739240302e-07,0.0099168069
5.314359158053241e-07,0.009927739
5.121755443364242e-07,0.009938671
4.936132098237917e-07,0.0099496031
4.757236139187889e-07,0.0099605352
4.5848237513891054e-07,0.0099714672
4.4186599563859503e-07,0.0099823993
4.258518291843423e-07,0.0099933313
4.1041805029047175e-07,0.0100042634
3.9554362447347095e-07,0.0100151955
3.812082795843896e-07,0.0100261275
3.6739247818020816e-07,0.0100370596
3.540773908965277e-07,0.0100479917
3.4124487078528963e-07,0.0100589237
3.288774285825517e-07,0.0100698558
3.1695820887261214e-07,0.0100807878
3.054709671159974e-07,0.0100917199
2.94400047510004e-07,0.010102652
2.837303616516217e-07,0.010113584
2.7344736797375853e-07,0.0101245161
2.6353705192673985e-07,0.0101354482
2.5398590687807293e-07,0.0101463802
2.447809157044445e-07,0.0101573123
2.3590953305086388e-07,0.0101682443
2.27359668232772e-07,0.0101791764
2.1911966875781518e-07,0.0101901085
2.1117830444482465e-07,0.0102010405
2.03524752118358e-07,0.0102119726
1.9614858085794334e-07,0.0102229046
1.8903973778192235e-07,0.0102338367
1.8218853434651689e-07,0.0102447688
1.7558563314144705e-07,0.0102557008
1.692220351641039e-07,0.0102666329
1.6308906755493341e-07,0.010277565
1.5717837177731645e-07,0.010288497
1.5148189222583472e-07,0.0102994291
1.45991865247398e-07,0.0103103611
1.4070080856026865e-07,0.0103212932
1.3560151105656348e-07,0.0103322253
1.3068702297433476e-07,0.0103431573
1.259506464258359e-07,0.0103540894
1.213859262690629e-07,0.0103650214
1.1698664131013081e-07,0.0103759535
1.1274679582449473e-07,0.0103868856
1.086606113854598e-07,0.0103978176
1.0472251898884355e-07,0.0104087497
1.0092715146305718e-07,0.0104196818
9.726933615426178e-08,0.0104306138
9.374408787663e-08,0.0104415459
9.034660211810534e-08,0.0104524779
8.707224849239922e-08,0.01046341
8.391656442830162e-08,0.0104743421
8.087524908770458e-08,0.0104852741
7.794415750404951e-08,0.0104962062
7.511929493320969e-08,0.0105071382
7.239681140910877e-08,0.0105180703
6.977299649665552e-08,0.0105290024
6.724427423484263e-08,0.0105399344
6.480719826311984e-08,0.0105508665
6.24584471243963e-08,0.0105617986
6.019481973827287e-08,0.0105727306
5.80132310383339e-08,0.0105836627
5.5910707767553046e-08,0.0105945947
5.3884384426082346e-08,0.0106055268
5.1931499365902226e-08,0.0106164589
5.0049391027009633e-08,0.0106273909
4.8235494310014773e-08,0.010638323
4.648733708020266e-08,0.010649255
4.480253679829499e-08,0.0106601871
4.3178797273320304e-08,0.0106711192
4.1613905533167156e-08,0.0106820512
4.010572880855504e-08,0.0106929833
3.86522116263127e-08,0.0107039154
3.725137300800217e-08,0.0107148474
3.590130377007076e-08,0.0107257795
3.460016392185116e-08,0.0107367115
3.334618015786369e-08,0.0107476436
3.213764344100282e-08,0.0107585757
3.097290667331413e-08,0.0107695077
2.9850382451187355e-08,0.0107804398
2.8768540901905972e-08,0.0107913718
2.7725907598604867e-08,0.0108023039
2.672106155079438e-08,0.010813236
2.575263326771204e-08,0.010824168
2.481930289186258e-08,0.0108351001
2.391979840020242e-08,0.0108460322
2.3052893870517108e-08,0.0108569642
2.221740781062887e-08,0.0108678963
2.1412201548157317e-08,0.0108788283
2.063617767863861e-08,0.0108897604
1.988827856988812e-08,0.0109006925
1.916748492056817e-08,0.0109116245
1.847281437099636e-08,0.0109225566
1.7803320164301158e-08,0.0109334887
1.7158089856100067e-08,0.0109444207
1.653624407094182e-08,0.0109553528
1.5936935303817763e-08,0.0109662848
1.5359346765108986e-08,0.0109772169
1.48026912673951e-08,0.010988149
1.4266210152607384e-08,0.010999081
1.3749172258064204e-08,0.0110100131
1.3250872919979538e-08,0.0110209451
1.2770633013086447e-08,0.0110318772
1.2307798025066658e-08,0.0110428093
1.1861737164524792e-08,0.0110537413
1.1431842501291502e-08,0.0110646734
1.1017528137883874e-08,0.0110756055
1.0618229410993846e-08,0.0110865375
1.0233402121916444e-08,0.0110974696
9.862521794868805e-09,0.0111084016
9.50508296218955e-09,0.0111193337
9.160598475443729e-09,0.0111302658
8.82859884149515e-09,0.0111411978
8.5086315826406e-09,0.0111521299
8.200260619934164e-09,0.0111630619
7.903065678861364e-09,0.011173994
7.616641716552891e-09,0.0111849261
7.340598369757227e-09,0.0111958581
7.074559422819908e-09,0.0112067902
6.818162294944493e-09,0.0112177223
6.57105754603627e-09,0.0112286543
6.332908400455127e-09,0.0112395864
6.1033902880286464e-09,0.0112505184
5.8821904016999675e-09,0.0112614505
5.6690072712074336e-09,0.0112723826
5.463550352214887e-09,0.0112833146
5.265539630332777e-09,0.0112942467
5.074705239490476e-09,0.0113051787
4.89078709413959e-09,0.0113161108
4.713534534786917e-09,0.0113270429
4.542705986374062e-09,0.0113379749
4.378068629038175e-09,0.011348907
4.219398080805024e-09,0.0113598391
4.066478091781862e-09,0.0113707711
3.9191002494334184e-09,0.0113817032
3.777063694539372e-09,0.0113926352
3.6401748474461375e-09,0.0114035673
3.508247144239796e-09,0.0114144994
3.3811007824806956e-09,0.0114254314
3.25856247615323e-09,0.0114363635
3.140465219496749e-09,0.0114472955
3.0266480593956955e-09,0.0114582276
2.916955876018805e-09,0.0114691597
2.811239171408467e-09,0.0114800917
2.7093538657320487e-09,0.0114910238
2.6111611009174623e-09,0.0115019559
2.5165270514053994e-09,0.0115128879
2.4253227417603556e-09,0.01152382
2.3374238708918124e-09,0.011534752
2.2527106426459826e-09,0.0115456841
2.1710676025372716e-09,0.0115566162
2.0923834803969792e-09,0.0115675482
2.0165510387247444e-09,0.0115784803
1.9434669265360222e-09,0.0115894124
1.873031538506442e-09,0.0116003444
1.80514887922111e-09,0.0116112765
1.7397264323437989e-09,0.0116222085
1.676675034527701e-09,0.0116331406
1.6159087538959225e-09,0.0116440727
1.5573447729261352e-09,0.0116550047
1.5009032755797397e-09,0.0116659368
1.446507338521653e-09,0.0116768688
1.3940828262825815e-09,0.0116878009
1.3435582902208263e-09,0.011698733
1.2948648711459076e-09,0.011709665
1.2479362054713164e-09,0.0117205971
1.2027083347685145e-09,0.0117315292
1.1591196185988857e-09,0.0117424612
1.1171106505048266e-09,0.0117533933
1.0766241770454978e-09,0.0117643253
1.0376050197669138e-09,0.0117752574
1e-09,0.0117861895
